9
15
32
52
57
90
92
100
105
115
127
140
154
157
162
163
164
173
174
175
191
196
203
219
222
245
254
264
268
270
287
298
312
313
324
332
334
336
343
348
350
353
372
387
392
397
400
414
424
437
441
458
462
475
477
478
484
494
500
503
509
510
511
512
513
539
543
563
568
586
589
591
609
624
627
630
634
638
660
667
675
677
686
695
698
699
714
718
737
745
746
751
758
763
769
772
791
792
797
801
810
817
833
836
858
875
883
887
893
903
906
924
933
977
997
1001
1018
1023
1030
1034
1054
1059
1063
1087
1093
1108
1109
1112
1116
1123
1131
1138
1150
1151
1155
1164
1170
1181
1236
1239
1270
1276
1279
1283
1297
1303
1316
1326
1331
1333
1379
1387
1390
1409
1448
1457
1471
1488
1492
1494
1510
1515
1541
1570
1592
1601
1614
1617
1643
1646
1647
1666
1692
1698
1715
1721
1725
1737
1738
1742
1746
1749
1760
1781
1785
1809
1818
1835
1839
1842
1849
1850
1864
1869
1872
1874
1876
1888
1896
1898
1907
1911
1924
1931
1963
1968
1979
1985
1994