1236
115
387
397
477
660
1303
1471
484
1030
1331
1063
127
1001
563
1931
334
1108
1316
254
494
154
222
268
324
458
462
503
638
833
858
887
924
933
1087
1123
1387
1390
1448
1592
1614
1646
1738
1911
1979
15
57
140
298
313
348
414
424
591
624
634
667
677
686
698
714
718
746
751
758
772
801
903
1018
1059
1164
1239
1270
1457
1515
1643
1850
1876
1924
336
173
512
1333
1647
1492
1785
32
52
162
372
500
511
763
792
893
997
1023
1054
1093
1116
1131
1138
1170
1279
1510
1692
1725
1849
1896
1907
1963
1968
191
1150
478
203
264
475
1488
312
332
392
1109
1835
1985
437
1749
174
350
164
287
400
817
875
1034
1155
1494
1601
1737
1746
1760
1818
1842
1874
1888
1994
510
1898
586
163
695
699
977
1326
1409
1742
9